
==== Epoch 01 ====
              precision    recall  f1-score   support

           0      0.333     0.066     0.111       467
           1      1.000     0.018     0.035        56
           2      0.196     0.125     0.153       496
           3      0.362     0.712     0.480       895
           4      0.339     0.296     0.316       653
           5      0.474     0.508     0.491       415
           6      0.347     0.231     0.277       607

    accuracy                          0.355      3589
   macro avg      0.436     0.279     0.266      3589
weighted avg      0.351     0.355     0.317      3589

==== Epoch 02 ====
              precision    recall  f1-score   support

           0      0.281     0.150     0.196       467
           1      1.000     0.018     0.035        56
           2      0.200     0.048     0.078       496
           3      0.375     0.675     0.482       895
           4      0.330     0.331     0.330       653
           5      0.474     0.554     0.511       415
           6      0.343     0.264     0.298       607

    accuracy                          0.364      3589
   macro avg      0.429     0.291     0.276      3589
weighted avg      0.346     0.364     0.327      3589

==== Epoch 03 ====
              precision    recall  f1-score   support

           0      0.251     0.161     0.196       467
           1      0.000     0.000     0.000        56
           2      0.218     0.190     0.203       496
           3      0.408     0.683     0.511       895
           4      0.453     0.231     0.306       653
           5      0.484     0.501     0.492       415
           6      0.326     0.321     0.324       607

    accuracy                          0.372      3589
   macro avg      0.306     0.298     0.290      3589
weighted avg      0.358     0.372     0.348      3589

==== Epoch 04 ====
              precision    recall  f1-score   support

           0      0.266     0.236     0.250       467
           1      0.000     0.000     0.000        56
           2      0.306     0.077     0.123       496
           3      0.371     0.769     0.500       895
           4      0.421     0.199     0.270       653
           5      0.494     0.564     0.526       415
           6      0.378     0.257     0.306       607

    accuracy                          0.378      3589
   macro avg      0.319     0.300     0.282      3589
weighted avg      0.367     0.378     0.336      3589

==== Epoch 05 ====
              precision    recall  f1-score   support

           0      0.322     0.139     0.194       467
           1      0.000     0.000     0.000        56
           2      0.230     0.181     0.203       496
           3      0.420     0.678     0.519       895
           4      0.365     0.355     0.360       653
           5      0.489     0.566     0.525       415
           6      0.363     0.260     0.303       607

    accuracy                          0.386      3589
   macro avg      0.313     0.312     0.301      3589
weighted avg      0.363     0.386     0.360      3589

==== Epoch 06 ====
              precision    recall  f1-score   support

           0      0.286     0.180     0.221       467
           1      0.000     0.000     0.000        56
           2      0.245     0.163     0.196       496
           3      0.416     0.645     0.506       895
           4      0.384     0.268     0.316       653
           5      0.524     0.467     0.494       415
           6      0.327     0.405     0.362       607

    accuracy                          0.378      3589
   macro avg      0.312     0.304     0.299      3589
weighted avg      0.361     0.378     0.358      3589

==== Epoch 07 ====
              precision    recall  f1-score   support

           0      0.285     0.193     0.230       467
           1      0.000     0.000     0.000        56
           2      0.264     0.095     0.139       496
           3      0.418     0.644     0.507       895
           4      0.385     0.308     0.342       653
           5      0.429     0.634     0.512       415
           6      0.360     0.346     0.353       607

    accuracy                          0.386      3589
   macro avg      0.306     0.317     0.298      3589
weighted avg      0.358     0.386     0.357      3589

==== Epoch 08 ====
              precision    recall  f1-score   support

           0      0.270     0.124     0.170       467
           1      0.000     0.000     0.000        56
           2      0.216     0.115     0.150       496
           3      0.390     0.743     0.512       895
           4      0.422     0.270     0.329       653
           5      0.471     0.578     0.519       415
           6      0.367     0.290     0.324       607

    accuracy                          0.382      3589
   macro avg      0.305     0.303     0.286      3589
weighted avg      0.356     0.382     0.345      3589

==== Epoch 09 ====
              precision    recall  f1-score   support

           0      0.323     0.116     0.170       467
           1      0.000     0.000     0.000        56
           2      0.252     0.117     0.160       496
           3      0.388     0.731     0.507       895
           4      0.408     0.299     0.345       653
           5      0.477     0.586     0.526       415
           6      0.365     0.313     0.337       607

    accuracy                          0.388      3589
   macro avg      0.316     0.309     0.292      3589
weighted avg      0.365     0.388     0.351      3589

==== Epoch 10 ====
              precision    recall  f1-score   support

           0      0.324     0.148     0.203       467
           1      0.000     0.000     0.000        56
           2      0.263     0.105     0.150       496
           3      0.393     0.731     0.511       895
           4      0.407     0.331     0.365       653
           5      0.472     0.586     0.523       415
           6      0.376     0.288     0.326       607

    accuracy                          0.393      3589
   macro avg      0.319     0.313     0.297      3589
weighted avg      0.368     0.393     0.356      3589
